380.00 0
381.00 0
382.00 0
383.00 0
384.00 0
385.00 0
386.00 0
387.00 0
388.00 0
389.00 0
390.00 0
391.00 0
392.00 0
393.00 0
394.00 0
395.00 0
396.00 0
397.00 0
398.00 0
399.00 0
400.00 0
401.00 0
402.00 0
403.00 0
404.00 0
405.00 0
406.00 0
407.00 0
408.00 0
409.00 0
410.00 0
411.00 0
412.00 0
413.00 0
414.00 0
415.00 0
416.00 0
417.00 0
418.00 0
419.00 0
420.00 0
421.00 0
422.00 0
423.00 0
424.00 0
425.00 0
426.00 0
427.00 0
428.00 0
429.00 0
430.00 0
431.00 0
432.00 0
433.00 0
434.00 0
435.00 0
436.00 0
437.00 0
438.00 0
439.00 0
440.00 0
441.00 0
442.00 0
443.00 0
444.00 0
445.00 0
446.00 0
447.00 0
448.00 0
449.00 0
450.00 0
451.00 0
452.00 0
453.00 0
454.00 0
455.00 0
456.00 0
457.00 0
458.00 0
459.00 0
460.00 0
461.00 0
462.00 0
463.00 0
464.00 0
465.00 0
466.00 0
467.00 0
468.00 0
469.00 0
470.00 0
471.00 0
472.00 0
473.00 0
474.00 0
475.00 0
476.00 0
477.00 0
478.00 0
479.00 0
480.00 0
481.00 0
482.00 0
483.00 0
484.00 0
485.00 0
486.00 0
487.00 0
488.00 0
489.00 0
490.00 0
491.00 0
492.00 0
493.00 0
494.00 0
495.00 0
496.00 0
497.00 0
498.00 0
499.00 0
500.00 0
501.00 0
502.00 0
503.00 0
504.00 0
505.00 0
506.00 0
507.00 0
508.00 0
509.00 0
510.00 0
511.00 0
512.00 0
513.00 0
514.00 0
515.00 0
516.00 0
517.00 0
518.00 0
519.00 0
520.00 0
521.00 0
522.00 0
523.00 0
524.00 0
525.00 0
526.00 0
527.00 0
528.00 0
529.00 0
530.00 0
531.00 0
532.00 0
533.00 0
534.00 0
535.00 0
536.00 0
537.00 0
538.00 0
539.00 0
540.00 0
541.00 0
542.00 0
543.00 0
544.00 0
545.00 0
546.00 0
547.00 0
548.00 0
549.00 0
550.00 0
551.00 0
552.00 0
553.00 0
554.00 0
555.00 0
556.00 0
557.00 0
558.00 0
559.00 0
560.00 0
561.00 0
562.00 0
563.00 0
564.00 0
565.00 0
566.00 0
567.00 0
568.00 0
569.00 0
570.00 0
571.00 0
572.00 0
573.00 0
574.00 0
575.00 0
576.00 0
577.00 0
578.00 0
579.00 0
580.00 0
581.00 0
582.00 0
583.00 0
584.00 0
585.00 0
586.00 0
587.00 0
588.00 0
589.00 0
590.00 0
591.00 0
592.00 0
593.00 0
594.00 0
595.00 0
596.00 0
597.00 0
598.00 0
599.00 0
600.00 0
601.00 0
602.00 0
603.00 0
604.00 0
605.00 0
606.00 0
607.00 0
608.00 0
609.00 0
610.00 0
611.00 0
612.00 0
613.00 0
614.00 0
615.00 0
616.00 0
617.00 0
618.00 0
619.00 0
620.00 0
621.00 0
622.00 0
623.00 0
624.00 0
625.00 0
626.00 0
627.00 0
628.00 0
629.00 0
630.00 0
631.00 0
632.00 0
633.00 0
634.00 0
635.00 0
636.00 0
637.00 0
638.00 0
639.00 0
640.00 0
641.00 0
642.00 0
643.00 0
644.00 0
645.00 0
646.00 0
647.00 0
648.00 0
649.00 0
650.00 0
651.00 0
652.00 0
653.00 0
654.00 0
655.00 0
656.00 0
657.00 0
658.00 0
659.00 0
660.00 0
661.00 0
662.00 0
663.00 0
664.00 0
665.00 0
666.00 0
667.00 0
668.00 0
669.00 0
670.00 0
671.00 0
672.00 0
673.00 0
674.00 0
675.00 0
676.00 0
677.00 0
678.00 0
679.00 0
680.00 0
681.00 0
682.00 0
683.00 0
684.00 0
685.00 0
686.00 0
687.00 0
688.00 0
689.00 0
690.00 0
691.00 0
692.00 0
693.00 0
694.00 0
695.00 0
696.00 0
697.00 0
698.00 0
699.00 0
700.00 0
701.00 0
702.00 0
703.00 0
704.00 0
705.00 0
706.00 0
707.00 0
708.00 0
709.00 0
710.00 0
711.00 0
712.00 0
713.00 0
714.00 0
715.00 0
716.00 0
717.00 0
718.00 0
719.00 0
720.00 0
721.00 0
722.00 0
723.00 0
724.00 0
725.00 0
726.00 0
727.00 0
728.00 0
729.00 0
730.00 0
731.00 0
732.00 0
733.00 0
734.00 0
735.00 0
736.00 0
737.00 0
738.00 0
739.00 0
740.00 0
741.00 0
742.00 0
743.00 0
744.00 0
745.00 0
746.00 0
747.00 0
748.00 0
749.00 0
750.00 0
751.00 0
752.00 0
753.00 0
754.00 0
755.00 0
756.00 0
757.00 0
758.00 0
759.00 0
760.00 0
761.00 0
762.00 0
763.00 0
764.00 0
765.00 0
766.00 0
767.00 0
768.00 0
769.00 0
770.00 0
771.00 0
772.00 0
773.00 0
774.00 0
775.00 0
776.00 0
777.00 0
778.00 0
779.00 0
780.00 0
781.00 0
782.00 0
783.00 0
784.00 0
785.00 0.001
786.00 0.001
787.00 0.001
788.00 0.001
789.00 0.001
790.00 0.001
791.00 0.001
792.00 0.001
793.00 0.001
794.00 0.002
795.00 0.002
796.00 0.002
797.00 0.003
798.00 0.004
799.00 0.005
800.00 0.006
801.00 0.007
802.00 0.008
803.00 0.009
804.00 0.012
805.00 0.015
806.00 0.019
807.00 0.025
808.00 0.034
809.00 0.045
810.00 0.06
811.00 0.079
812.00 0.101
813.00 0.129
814.00 0.16
815.00 0.203
816.00 0.252
817.00 0.318
818.00 0.397
819.00 0.499
820.00 0.588
821.00 0.696
822.00 0.761
823.00 0.75
824.00 0.833
825.00 0.849
826.00 0.85
827.00 0.863
828.00 0.839
829.00 0.86
830.00 0.858
831.00 0.857
832.00 0.845
833.00 0.862
834.00 0.857
835.00 0.867
836.00 0.867
837.00 0.877
838.00 0.879
839.00 0.88
840.00 0.88
841.00 0.876
842.00 0.873
843.00 0.871
844.00 0.869
845.00 0.869
846.00 0.868
847.00 0.868
848.00 0.867
849.00 0.866
850.00 0.865
851.00 0.863
852.00 0.861
853.00 0.858
854.00 0.855
855.00 0.854
856.00 0.852
857.00 0.85
858.00 0.848
859.00 0.848
860.00 0.849
861.00 0.85
862.00 0.851
863.00 0.85
864.00 0.849
865.00 0.849
866.00 0.848
867.00 0.846
868.00 0.845
869.00 0.843
870.00 0.84
871.00 0.839
872.00 0.837
873.00 0.835
874.00 0.833
875.00 0.832
876.00 0.831
877.00 0.829
878.00 0.827
879.00 0.824
880.00 0.82
881.00 0.816
882.00 0.81
883.00 0.806
884.00 0.801
885.00 0.796
886.00 0.792
887.00 0.79
888.00 0.787
889.00 0.786
890.00 0.783
891.00 0.783
892.00 0.781
893.00 0.777
894.00 0.773
895.00 0.764
896.00 0.747
897.00 0.723
898.00 0.727
899.00 0.671
900.00 0.719
901.00 0.697
902.00 0.71
903.00 0.691
904.00 0.73
905.00 0.725
906.00 0.714
907.00 0.687
908.00 0.688
909.00 0.694
910.00 0.683
911.00 0.691
912.00 0.68
913.00 0.666
914.00 0.653
915.00 0.659
916.00 0.625
917.00 0.642
918.00 0.592
919.00 0.59
920.00 0.549
921.00 0.504
922.00 0.429
923.00 0.361
924.00 0.283
925.00 0.214
926.00 0.158
927.00 0.116
928.00 0.079
929.00 0.057
930.00 0.039
931.00 0.028
932.00 0.019
933.00 0.014
934.00 0.01
935.00 0.008
936.00 0.006
937.00 0.005
938.00 0.004
939.00 0.004
940.00 0.004
941.00 0.003
942.00 0.002
943.00 0.002
944.00 0.002
945.00 0.001
946.00 0.001
947.00 0.001
948.00 0.001
949.00 0.001
950.00 0
951.00 0.001
952.00 0
953.00 0
954.00 0
955.00 0
956.00 0
957.00 0
958.00 0
959.00 0
960.00 0
961.00 0
962.00 0
963.00 0
964.00 0
965.00 0
966.00 0
967.00 0
968.00 0
969.00 0
970.00 0
971.00 0
972.00 0
973.00 0
974.00 0
975.00 0
976.00 0
977.00 0
978.00 0
979.00 0
980.00 0
981.00 0
982.00 0
983.00 0
984.00 0
985.00 0
986.00 0
987.00 0
988.00 0
989.00 0
990.00 0
991.00 0
992.00 0
993.00 0
994.00 0
995.00 0
996.00 0
997.00 0
998.00 0
999.00 0
1000.00 0
1001.00 0
1002.00 0
1003.00 0
1004.00 0
1005.00 0
1006.00 0
1007.00 0
1008.00 0
1009.00 0
1010.00 0
1011.00 0
1012.00 0
1013.00 0
1014.00 0
1015.00 0
1016.00 0
1017.00 0
1018.00 0
1019.00 0
1020.00 0
1021.00 0
1022.00 0
1023.00 0
1024.00 0
1025.00 0
1026.00 0
1027.00 0
1028.00 0
1029.00 0
1030.00 0
1031.00 0
1032.00 0
1033.00 0
1034.00 0
1035.00 0
1036.00 0
1037.00 0
1038.00 0
1039.00 0
1040.00 0
1041.00 0
1042.00 0
1043.00 0
1044.00 0
1045.00 0
1046.00 0
1047.00 0
1048.00 0
1049.00 0
1050.00 0
1051.00 0
1052.00 0
1053.00 0
1054.00 0
1055.00 0
1056.00 0
1057.00 0
1058.00 0
1059.00 0
1060.00 0
1061.00 0
1062.00 0
1063.00 0
1064.00 0
1065.00 0
1066.00 0
1067.00 0
1068.00 0
1069.00 0
1070.00 0
1071.00 0
1072.00 0
1073.00 0
1074.00 0
1075.00 0
1076.00 0
1077.00 0
1078.00 0
1079.00 0
1080.00 0
1081.00 0
1082.00 0
1083.00 0
1084.00 0
1085.00 0
1086.00 0
1087.00 0
1088.00 0
1089.00 0
1090.00 0
1091.00 0
1092.00 0
1093.00 0
1094.00 0
1095.00 0
1096.00 0
1097.00 0
1098.00 0
1099.00 0
1100.00 0
