380.00 0
381.00 0
382.00 0
383.00 0
384.00 0
385.00 0
386.00 0
387.00 0
388.00 0
389.00 0
390.00 0
391.00 0
392.00 0
393.00 0
394.00 0
395.00 0
396.00 0
397.00 0
398.00 0
399.00 0
400.00 0
401.00 0
402.00 0
403.00 0
404.00 0
405.00 0
406.00 0
407.00 0
408.00 0
409.00 0
410.00 0
411.00 0
412.00 0
413.00 0
414.00 0
415.00 0
416.00 0
417.00 0
418.00 0
419.00 0
420.00 0
421.00 0
422.00 0
423.00 0
424.00 0
425.00 0
426.00 0
427.00 0
428.00 0
429.00 0
430.00 0
431.00 0
432.00 0
433.00 0
434.00 0
435.00 0
436.00 0
437.00 0
438.00 0
439.00 0
440.00 0
441.00 0
442.00 0
443.00 0
444.00 0
445.00 0
446.00 0
447.00 0
448.00 0
449.00 0
450.00 0
451.00 0
452.00 0
453.00 0
454.00 0
455.00 0
456.00 0
457.00 0
458.00 0
459.00 0
460.00 0
461.00 0
462.00 0
463.00 0
464.00 0
465.00 0
466.00 0
467.00 0
468.00 0
469.00 0
470.00 0
471.00 0
472.00 0
473.00 0
474.00 0
475.00 0
476.00 0
477.00 0
478.00 0
479.00 0
480.00 0
481.00 0
482.00 0
483.00 0
484.00 0
485.00 0
486.00 0
487.00 0
488.00 0
489.00 0
490.00 0
491.00 0
492.00 0
493.00 0
494.00 0
495.00 0
496.00 0
497.00 0
498.00 0
499.00 0
500.00 0
501.00 0
502.00 0
503.00 0
504.00 0
505.00 0
506.00 0
507.00 0
508.00 0
509.00 0
510.00 0
511.00 0
512.00 0
513.00 0
514.00 0
515.00 0
516.00 0
517.00 0
518.00 0
519.00 0
520.00 0
521.00 0
522.00 0
523.00 0
524.00 0
525.00 0
526.00 0
527.00 0
528.00 0
529.00 0.001
530.00 0.001
531.00 0.001
532.00 0.001
533.00 0.001
534.00 0.002
535.00 0.002
536.00 0.003
537.00 0.004
538.00 0.005
539.00 0.008
540.00 0.011
541.00 0.017
542.00 0.026
543.00 0.04
544.00 0.062
545.00 0.093
546.00 0.134
547.00 0.184
548.00 0.242
549.00 0.305
550.00 0.367
551.00 0.423
552.00 0.469
553.00 0.504
554.00 0.528
555.00 0.544
556.00 0.556
557.00 0.565
558.00 0.57
559.00 0.575
560.00 0.578
561.00 0.582
562.00 0.584
563.00 0.586
564.00 0.588
565.00 0.59
566.00 0.591
567.00 0.592
568.00 0.592
569.00 0.591
570.00 0.591
571.00 0.589
572.00 0.586
573.00 0.583
574.00 0.581
575.00 0.582
576.00 0.586
577.00 0.592
578.00 0.599
579.00 0.606
580.00 0.612
581.00 0.615
582.00 0.617
583.00 0.617
584.00 0.616
585.00 0.614
586.00 0.611
587.00 0.609
588.00 0.609
589.00 0.61
590.00 0.615
591.00 0.621
592.00 0.623
593.00 0.623
594.00 0.621
595.00 0.621
596.00 0.624
597.00 0.628
598.00 0.633
599.00 0.638
600.00 0.641
601.00 0.642
602.00 0.644
603.00 0.647
604.00 0.649
605.00 0.651
606.00 0.652
607.00 0.653
608.00 0.654
609.00 0.655
610.00 0.655
611.00 0.656
612.00 0.656
613.00 0.657
614.00 0.656
615.00 0.653
616.00 0.648
617.00 0.643
618.00 0.64
619.00 0.64
620.00 0.642
621.00 0.645
622.00 0.648
623.00 0.647
624.00 0.646
625.00 0.646
626.00 0.648
627.00 0.652
628.00 0.641
629.00 0.655
630.00 0.657
631.00 0.662
632.00 0.662
633.00 0.66
634.00 0.66
635.00 0.66
636.00 0.663
637.00 0.668
638.00 0.673
639.00 0.678
640.00 0.681
641.00 0.684
642.00 0.685
643.00 0.686
644.00 0.687
645.00 0.686
646.00 0.685
647.00 0.684
648.00 0.683
649.00 0.683
650.00 0.685
651.00 0.686
652.00 0.684
653.00 0.686
654.00 0.687
655.00 0.684
656.00 0.684
657.00 0.682
658.00 0.682
659.00 0.681
660.00 0.679
661.00 0.677
662.00 0.675
663.00 0.672
664.00 0.669
665.00 0.666
666.00 0.664
667.00 0.663
668.00 0.663
669.00 0.663
670.00 0.663
671.00 0.662
672.00 0.662
673.00 0.66
674.00 0.658
675.00 0.655
676.00 0.652
677.00 0.649
678.00 0.644
679.00 0.639
680.00 0.633
681.00 0.626
682.00 0.617
683.00 0.608
684.00 0.595
685.00 0.579
686.00 0.556
687.00 0.427
688.00 0.428
689.00 0.391
690.00 0.346
691.00 0.305
692.00 0.255
693.00 0.204
694.00 0.156
695.00 0.116
696.00 0.084
697.00 0.06
698.00 0.042
699.00 0.029
700.00 0.021
701.00 0.015
702.00 0.011
703.00 0.008
704.00 0.006
705.00 0.005
706.00 0.004
707.00 0.003
708.00 0.002
709.00 0.002
710.00 0.001
711.00 0.001
712.00 0.001
713.00 0.001
714.00 0
715.00 0
716.00 0
717.00 0
718.00 0
719.00 0
720.00 0
721.00 0
722.00 0
723.00 0
724.00 0
725.00 0
726.00 0
727.00 0
728.00 0
729.00 0
730.00 0
731.00 0
732.00 0
733.00 0
734.00 0
735.00 0
736.00 0
737.00 0
738.00 0
739.00 0
740.00 0
741.00 0
742.00 0
743.00 0
744.00 0
745.00 0
746.00 0
747.00 0
748.00 0
749.00 0
750.00 0
751.00 0
752.00 0
753.00 0
754.00 0
755.00 0
756.00 0
757.00 0
758.00 0
759.00 0
760.00 0
761.00 0
762.00 0
763.00 0
764.00 0
765.00 0
766.00 0
767.00 0
768.00 0
769.00 0
770.00 0
771.00 0
772.00 0
773.00 0
774.00 0
775.00 0
776.00 0
777.00 0
778.00 0
779.00 0
780.00 0
781.00 0
782.00 0
783.00 0
784.00 0
785.00 0
786.00 0
787.00 0
788.00 0
789.00 0
790.00 0
791.00 0
792.00 0
793.00 0
794.00 0
795.00 0
796.00 0
797.00 0
798.00 0
799.00 0
800.00 0
801.00 0
802.00 0
803.00 0
804.00 0
805.00 0
806.00 0
807.00 0
808.00 0
809.00 0
810.00 0
811.00 0
812.00 0
813.00 0
814.00 0
815.00 0
816.00 0
817.00 0
818.00 0
819.00 0
820.00 0
821.00 0
822.00 0
823.00 0
824.00 0
825.00 0
826.00 0
827.00 0
828.00 0
829.00 0
830.00 0
831.00 0
832.00 0
833.00 0
834.00 0
835.00 0
836.00 0
837.00 0
838.00 0
839.00 0
840.00 0
841.00 0
842.00 0
843.00 0
844.00 0
845.00 0
846.00 0
847.00 0
848.00 0
849.00 0
850.00 0
851.00 0
852.00 0
853.00 0
854.00 0
855.00 0
856.00 0
857.00 0
858.00 0
859.00 0
860.00 0
861.00 0
862.00 0
863.00 0
864.00 0
865.00 0
866.00 0
867.00 0
868.00 0
869.00 0
870.00 0
871.00 0
872.00 0
873.00 0
874.00 0
875.00 0
876.00 0
877.00 0
878.00 0
879.00 0
880.00 0
881.00 0
882.00 0
883.00 0
884.00 0
885.00 0
886.00 0
887.00 0
888.00 0
889.00 0
890.00 0
891.00 0
892.00 0
893.00 0
894.00 0
895.00 0
896.00 0
897.00 0
898.00 0
899.00 0
900.00 0
901.00 0
902.00 0
903.00 0
904.00 0
905.00 0
906.00 0
907.00 0
908.00 0
909.00 0
910.00 0
911.00 0
912.00 0
913.00 0
914.00 0
915.00 0
916.00 0
917.00 0
918.00 0
919.00 0
920.00 0
921.00 0
922.00 0
923.00 0
924.00 0
925.00 0
926.00 0
927.00 0
928.00 0
929.00 0
930.00 0
931.00 0
932.00 0
933.00 0
934.00 0
935.00 0
936.00 0
937.00 0
938.00 0
939.00 0
940.00 0
941.00 0
942.00 0
943.00 0
944.00 0
945.00 0
946.00 0
947.00 0
948.00 0
949.00 0
950.00 0
951.00 0
952.00 0
953.00 0
954.00 0
955.00 0
956.00 0
957.00 0
958.00 0
959.00 0
960.00 0
961.00 0
962.00 0
963.00 0
964.00 0
965.00 0
966.00 0
967.00 0
968.00 0
969.00 0
970.00 0
971.00 0
972.00 0
973.00 0
974.00 0
975.00 0
976.00 0
977.00 0
978.00 0
979.00 0
980.00 0
981.00 0
982.00 0
983.00 0
984.00 0
985.00 0
986.00 0
987.00 0
988.00 0
989.00 0
990.00 0
991.00 0
992.00 0
993.00 0
994.00 0
995.00 0
996.00 0
997.00 0
998.00 0
999.00 0
1000.00 0
1001.00 0
1002.00 0
1003.00 0
1004.00 0
1005.00 0
1006.00 0
1007.00 0
1008.00 0
1009.00 0
1010.00 0
1011.00 0
1012.00 0
1013.00 0
1014.00 0
1015.00 0
1016.00 0
1017.00 0
1018.00 0
1019.00 0
1020.00 0
1021.00 0
1022.00 0
1023.00 0
1024.00 0
1025.00 0
1026.00 0
1027.00 0
1028.00 0
1029.00 0
1030.00 0
1031.00 0
1032.00 0
1033.00 0
1034.00 0
1035.00 0
1036.00 0
1037.00 0
1038.00 0
1039.00 0
1040.00 0
1041.00 0
1042.00 0
1043.00 0
1044.00 0
1045.00 0
1046.00 0
1047.00 0
1048.00 0
1049.00 0
1050.00 0
1051.00 0
1052.00 0
1053.00 0
1054.00 0
1055.00 0
1056.00 0
1057.00 0
1058.00 0
1059.00 0
1060.00 0
1061.00 0
1062.00 0
1063.00 0
1064.00 0
1065.00 0
1066.00 0
1067.00 0
1068.00 0
1069.00 0
1070.00 0
1071.00 0
1072.00 0
1073.00 0
1074.00 0
1075.00 0
1076.00 0
1077.00 0
1078.00 0
1079.00 0
1080.00 0
1081.00 0
1082.00 0
1083.00 0
1084.00 0
1085.00 0
1086.00 0
1087.00 0
1088.00 0
1089.00 0
1090.00 0
1091.00 0
1092.00 0
1093.00 0
1094.00 0
1095.00 0
1096.00 0
1097.00 0
1098.00 0
1099.00 0
1100.00 0
